date,ad,cci10,aroon10_up,aroon10_down,volume,bbands5_middle_band,macd,stoch_slowd,adx10,close,macd_hist,rsi10,macd_signal,high,bbands5_upper_band,bbands5_lower_band,sma10,open,low,stoch_slowk,obv,ema10
2019-04-26,-3130928750.0168,141.4831,90.0000,0.0000,23654900,126.6500,3.1221,86.7000,52.5027,129.8900,0.6923,85.3018,2.4298,130.5150,133.9065,119.3935,123.8920,129.7000,129.0200,81.7641,-2075898200.0000,124.8295
2019-04-29,-3130732072.9084,108.4820,80.0000,20.0000,16324200,127.8520,3.3455,82.7511,55.4923,129.7700,0.7325,85.5836,2.6129,130.1800,134.3436,121.3604,124.8180,129.9000,129.3500,79.9705,-2092222400.0000,125.7514
2019-04-30,-3110269251.0693,90.1407,70.0000,10.0000,24166500,128.8840,3.4751,81.7694,58.2841,130.6000,0.6898,84.7709,2.7854,130.7000,134.8570,122.9110,125.7050,129.8100,129.3950,83.5736,-2068055900.0000,126.4893
2019-05-01,-3133817794.4592,46.6119,60.0000,0.0000,26821700,129.4580,3.5946,73.6751,57.6370,127.8800,0.6474,85.9562,2.9472,130.6500,132.1987,126.7173,126.5940,130.5300,127.7000,57.4812,-2094877600.0000,127.2240
2019-05-02,-3145948931.5559,-14.0986,50.0000,0.0000,27350200,128.8700,3.4438,58.9054,54.0554,126.2100,0.3973,65.8021,3.0465,128.0000,133.6885,124.0515,127.2680,127.9800,125.5200,35.6614,-2122227800.0000,127.3615
2019-05-03,-3133150568.2532,25.9218,40.0000,0.0000,24911100,128.6720,3.2369,40.3227,51.8160,128.9000,0.1523,61.8823,3.0846,129.4300,133.2539,124.0901,127.7850,127.3600,127.2500,27.8254,-2097316700.0000,127.3612
2019-05-06,-3117018269.3743,-20.5913,30.0000,0.0000,24239800,128.3480,2.9606,35.5338,48.4782,128.1500,-0.0992,56.0756,3.0598,128.5600,132.6340,124.0620,128.1620,126.3900,126.1084,43.1145,-2121556500.0000,127.1846
2019-05-07,-3121398800.4554,-108.9460,20.0000,0.0000,36017700,127.3320,2.7159,38.7845,43.6321,125.5200,-0.2751,56.4036,2.9910,127.1800,131.1197,123.5443,128.3980,126.4600,124.2200,45.4136,-2157574200.0000,127.0529
2019-05-08,-3123153059.7146,-118.6941,10.0000,90.0000,28419000,126.8580,2.4119,40.1483,39.2707,125.5100,-0.4633,50.3195,2.8752,126.3700,131.0722,122.6438,128.3630,125.4400,124.7500,31.9167,-2185993200.0000,126.7596
2019-05-09,-3103032919.1741,-110.8489,0.0000,100.0000,27235800,126.7160,2.0549,34.4338,36.4183,125.5000,-0.6562,44.3524,2.7111,125.7900,131.2039,122.2281,127.7865,124.2950,123.5700,25.9710,-2213229000.0000,126.3115
2019-05-10,-3084152894.5999,-45.9959,20.0000,90.0000,30915100,126.3620,1.8014,33.6334,33.6708,127.1300,-0.7278,48.0704,2.5292,127.9300,129.6386,123.0854,127.3082,124.9172,123.8200,43.0126,-2182313900.0000,126.0580
2019-05-13,-3109712998.5839,-119.8409,10.0000,100.0000,33944900,125.4020,1.5179,35.2854,30.4663,123.3500,-0.8090,43.8474,2.3269,125.5500,129.0100,121.7940,126.7292,124.1100,123.0400,36.8724,-2216258800.0000,125.7038
2019-05-14,-3111103804.0885,-77.4154,0.0000,90.0000,25266300,125.2440,1.2593,39.0997,27.8833,124.7300,-0.8541,42.6107,2.1134,125.8800,128.9292,121.5588,126.1352,123.8700,123.7000,37.4142,-2190992500.0000,125.3704
2019-05-15,-3097734770.2217,-29.1402,0.0000,80.0000,24722700,125.3460,1.0735,36.0778,26.3114,126.0200,-0.8319,45.3917,1.9054,126.7115,129.1464,121.5456,125.5082,124.2600,123.7000,33.9468,-2166269800.0000,125.1685
2019-05-16,-3076903727.7559,114.5145,10.0000,70.0000,30112200,126.0320,1.1143,44.7207,26.8258,128.9300,-0.6329,59.3613,1.7472,129.3800,131.8014,120.2626,125.3852,126.7500,126.4600,62.8011,-2136157600.0000,125.4560
2019-05-17,-3099630467.9134,138.9120,100.0000,60.0000,25770500,126.2200,1.2576,56.8752,27.9049,128.0700,-0.3917,65.4876,1.6493,130.4600,132.4066,120.0334,125.4797,128.3050,127.9200,73.8776,-2161928100.0000,125.9740
2019-05-20,-3111432042.8587,28.6748,90.0000,50.0000,23706900,126.7940,1.2132,67.5562,26.5857,126.2200,-0.3489,54.9267,1.5621,127.5890,131.3198,122.2682,125.4927,126.5200,125.7610,65.9900,-2185635000.0000,126.0733
2019-05-21,-3116389849.7225,46.0597,80.0000,40.0000,15293300,127.2280,1.2371,63.5564,25.3985,126.9000,-0.2599,58.6994,1.4971,127.5270,130.5656,123.8904,125.5897,127.4300,126.5800,50.8017,-2170341700.0000,126.3200
2019-05-22,-3111253735.5374,59.4750,70.0000,30.0000,15396500,127.5580,1.1772,52.8463,24.8719,127.6700,-0.2559,54.2116,1.4331,128.2400,130.3659,124.7501,125.7077,126.6200,126.5293,41.7470,-2154945200.0000,126.3745
2019-05-23,-3091000152.3116,-39.3025,60.0000,20.0000,23603800,127.0080,1.0833,43.4204,22.5897,126.1800,-0.2798,51.9245,1.3631,126.2900,129.2865,124.7295,125.8982,126.2000,124.7400,37.7126,-2178549000.0000,126.3428
2019-05-24,-3099845603.5227,4.7269,50.0000,10.0000,14123400,126.6420,1.0540,38.5596,21.4678,126.2400,-0.2473,55.4545,1.3013,127.4150,128.3791,124.9049,126.0975,126.9100,125.9700,36.2192,-2164425600.0000,126.4459
2019-05-28,-3120364645.5740,0.1855,40.0000,0.0000,23128400,126.6300,1.0247,36.7110,20.9198,126.1600,-0.2213,55.8099,1.2460,128.0000,128.3947,124.8653,126.3845,126.9800,126.0500,36.2011,-2187554000.0000,126.5430
2019-05-29,-3112776945.5740,-140.6654,30.0000,10.0000,22763100,126.2380,0.8624,35.7909,19.1535,124.9400,-0.3069,46.4058,1.1693,125.3900,128.8343,123.6417,126.5355,125.3800,124.0400,34.9524,-2210317100.0000,126.3316
2019-05-30,-3096977729.2474,-93.9501,20.0000,0.0000,16829600,125.8500,0.7159,35.3486,17.2514,125.7300,-0.3627,45.7682,1.0786,125.7600,127.3194,124.3806,126.6356,125.2610,124.7800,34.8923,-2193487500.0000,126.1369
2019-05-31,-3108809319.9810,-150.8923,10.0000,100.0000,26646800,125.3500,0.5107,31.2591,16.7727,123.6800,-0.4543,40.4242,0.9650,124.6150,128.2117,122.4883,126.3836,124.2300,123.3200,23.9325,-2220134300.0000,125.7902
2019-06-03,-3135029342.3691,-214.3030,0.0000,100.0000,37983600,124.0700,0.3138,26.2307,18.8989,119.8400,-0.5210,38.5793,0.8348,124.3700,130.9013,117.2387,125.9381,123.8500,119.0100,19.8672,-2258117900.0000,125.4374
2019-06-04,-3108330084.8348,-109.8414,20.0000,90.0000,29382600,123.4700,-0.0490,23.3117,20.8125,123.1600,-0.7070,28.7273,0.6580,123.2800,129.5572,117.3828,125.4141,121.2800,120.6520,26.1354,-2228735300.0000,124.6815
2019-06-05,-3084605242.6662,16.2223,10.0000,80.0000,24926100,123.6480,-0.0400,34.2376,20.0761,125.8300,-0.5584,49.2790,0.5184,125.8700,130.1982,117.0978,125.1661,124.9500,124.2100,56.7103,-2203809200.0000,124.7303
2019-06-06,-3065862571.7801,99.3837,0.0000,70.0000,21459000,124.0660,0.0864,56.4179,18.2923,127.8200,-0.3456,55.1173,0.4320,127.9700,132.1195,116.0125,125.1481,126.4400,125.6000,86.4081,-2182350200.0000,125.0412
2019-06-07,-3046414445.4643,183.5589,100.0000,60.0000,33885600,125.6100,0.4039,80.0753,19.0181,131.4000,-0.0225,63.6894,0.4264,132.2500,137.4402,113.7798,125.4471,129.1903,128.2600,97.1076,-2148464600.0000,125.7956
2019-06-10,-3057616295.4643,172.1079,100.0000,50.0000,26477100,128.1620,0.9040,92.3813,20.4289,132.6000,0.3821,70.8968,0.5219,134.0800,138.6195,117.7045,125.9961,132.4000,132.0000,93.6281,-2121987500.0000,126.9964
2019-06-11,-3068233849.1755,117.8600,100.0000,40.0000,23913700,129.9500,1.4036,92.6033,21.1286,132.1000,0.7054,73.5833,0.6983,134.2400,137.9165,121.9835,126.6861,133.8800,131.2760,87.0741,-2145901200.0000,128.2480
2019-06-12,-3064164206.3183,74.7385,90.0000,30.0000,17092500,131.0820,1.5812,86.4356,21.3015,131.4900,0.7064,62.7915,0.8749,131.9700,136.1464,126.0176,127.2881,131.4000,130.7100,78.6045,-2162993700.0000,128.8211
2019-06-13,-3057810757.6697,70.9262,80.0000,20.0000,17200800,131.9820,1.7486,79.0849,21.8193,132.3200,0.6990,64.1575,1.0496,132.6700,133.3833,130.5807,127.9600,131.9800,131.5600,71.5761,-2145792900.0000,129.3954
2019-06-14,-3062204013.9488,65.5613,70.0000,10.0000,17821700,132.1920,1.8822,70.6553,22.8518,132.4500,0.6661,64.8497,1.2161,133.7900,133.3544,131.0296,128.7630,132.2600,131.6400,61.7854,-2127971200.0000,129.9162
2019-06-17,-3068978987.2821,66.2226,60.0000,0.0000,14517800,132.2420,1.9949,64.2103,23.7811,132.8500,0.6230,65.8189,1.3719,133.7300,133.5868,130.8972,129.6410,132.6300,132.5300,59.2693,-2113453400.0000,130.4097
2019-06-18,-3045529229.7971,106.9666,100.0000,0.0000,25934500,132.8540,2.1849,63.4792,25.3888,135.1600,0.6504,69.7290,1.5345,135.2400,136.5591,129.1489,130.9320,134.1900,133.5700,69.3830,-2087518900.0000,131.0970
2019-06-19,-3027160920.3631,128.8390,100.0000,0.0000,23744400,133.6940,2.3735,71.0358,27.1639,135.6900,0.6712,71.6030,1.7023,135.9300,137.9958,129.3922,131.9370,135.0000,133.8100,84.4551,-2063774500.0000,131.8066
2019-06-20,-3018304140.9817,170.5853,100.0000,0.0000,33042600,134.6200,2.6897,82.4958,29.5118,136.9500,0.7899,76.4939,1.8998,137.6600,139.7652,129.4748,133.0380,137.4500,135.7200,93.6493,-2030731900.0000,132.8327
2019-06-21,-3025534042.5565,129.2924,100.0000,0.0000,36727900,135.5240,2.8373,89.1569,31.6540,136.9700,0.7500,71.6265,2.0873,137.7300,140.0608,130.9872,133.7770,136.5800,136.4600,89.3662,-1994004000.0000,133.5140
2019-06-24,-3023176465.4136,116.2150,100.0000,20.0000,20628800,136.5100,2.9541,89.9779,33.8715,137.7800,0.6935,72.5630,2.2607,138.4000,139.3602,133.6598,134.2370,137.0000,137.0000,86.9181,-1973375200.0000,134.1478
2019-06-25,-3046903379.8169,2.4778,90.0000,10.0000,33327400,136.1640,3.0320,79.3052,31.3334,133.4300,0.6171,73.1491,2.4149,137.5900,140.7292,131.5988,134.5740,137.2500,132.7300,61.6313,-2006702600.0000,134.7119
2019-06-26,-3063239737.7308,-17.9706,80.0000,0.0000,23657700,135.8120,2.8270,62.9246,29.0490,133.9300,0.3297,57.3566,2.4973,135.7327,141.1322,130.4918,134.8690,134.3500,133.6000,40.2244,-1983044900.0000,134.6461
2019-06-27,-3062135904.3975,-44.7436,70.0000,0.0000,16557500,135.2520,2.6175,40.4579,26.9106,134.1500,0.0961,56.3773,2.5214,134.7100,140.5551,129.9489,135.0850,134.1400,133.5100,19.5179,-1966487400.0000,134.5541
2019-06-28,-3058723818.5249,-67.2859,60.0000,0.0000,30043000,134.6500,2.4578,27.4587,24.6393,133.9600,-0.0508,58.0085,2.5087,134.6000,139.3991,129.9009,135.3160,134.5700,133.1560,22.6337,-1996530400.0000,134.5570
2019-07-01,-3062783241.6463,21.5161,50.0000,0.0000,22654200,134.2300,2.4691,25.9880,24.2722,135.6800,-0.0317,64.9792,2.5008,136.7000,136.5194,131.9406,135.7160,136.6300,134.9700,35.8123,-1973876200.0000,134.9339
2019-07-02,-3047787135.5139,35.1924,40.0000,50.0000,15237800,134.8600,2.4090,39.3716,23.9418,136.5800,-0.0734,62.1416,2.4824,136.5900,138.0938,131.6262,135.9090,136.1200,135.3291,59.6689,-1958638400.0000,135.1495
2019-07-03,-3039439778.7665,76.8512,30.0000,40.0000,13629300,135.5660,2.3888,59.7388,24.4808,137.4600,-0.0749,64.4421,2.4637,137.7400,139.6382,131.4938,136.0890,136.8000,136.2950,83.7351,-1945009100.0000,135.4496
2019-07-05,-3027383271.3131,52.0666,20.0000,30.0000,18141100,136.1480,2.2771,78.4315,24.2477,137.0600,-0.1493,59.3723,2.4264,137.3300,139.8820,132.4140,135.9380,135.9400,135.7200,91.8905,-1963150200.0000,135.5388
2019-07-08,-3013319360.9084,44.4099,10.0000,20.0000,16779700,136.7480,2.2003,86.4195,23.5959,136.9600,-0.1808,61.1870,2.3812,137.1000,138.5570,134.9390,135.9200,136.4000,135.3700,83.6329,-1979929900.0000,135.6954
2019-07-09,-3010761271.1648,52.9722,0.0000,10.0000,19953100,136.9040,2.0832,81.1651,23.0092,136.4600,-0.2384,58.6557,2.3216,136.9700,137.9762,135.8318,135.8200,136.0000,135.8000,67.9717,-1999883000.0000,135.7508
2019-07-10,-3009209707.0623,119.4774,100.0000,0.0000,24204400,137.1580,2.0579,72.3135,23.8839,137.8500,-0.2110,63.4075,2.2688,138.5800,138.5690,135.7470,135.8080,137.1300,137.0200,65.3360,-1975678600.0000,136.0015
2019-07-11,-3014006070.7660,139.4316,100.0000,20.0000,22327900,137.3460,2.0999,66.9768,25.1491,138.4000,-0.1352,67.3551,2.2350,139.2200,139.4161,135.2759,136.1930,138.2000,137.8700,67.6227,-1953350700.0000,136.4012
2019-07-12,-3002846885.0517,125.0517,90.0000,10.0000,18936800,137.7140,2.1607,71.8360,26.2878,138.9000,-0.0594,69.5708,2.2202,139.1300,140.4096,135.0184,136.6640,138.8500,138.0100,82.5494,-1934413900.0000,136.8465
2019-07-15,-3005930496.1628,115.7986,100.0000,0.0000,16651500,138.1020,2.2309,78.1993,27.6457,138.9000,0.0085,71.5203,2.2223,139.5400,140.8259,135.3781,137.1510,139.4400,138.4600,84.4258,-1934413900.0000,137.3180
2019-07-16,-3018596030.1549,8.2950,90.0000,0.0000,22726100,138.2260,2.2221,77.1161,25.8431,137.0800,-0.0002,67.6050,2.2223,139.0500,140.3017,136.1503,137.3840,138.9600,136.5200,64.3730,-1957140000.0000,137.6166
2019-07-17,-3037625100.3303,-58.7545,80.0000,0.0000,20211000,137.9100,2.0894,61.0370,23.8280,136.2700,-0.1063,58.2968,2.1957,137.9300,141.0789,134.7411,137.5420,137.7000,136.2200,34.3123,-1977351000.0000,137.6317
2019-07-18,-3013136133.6637,-106.9610,70.0000,100.0000,30808700,137.5140,1.7901,39.1155,22.6789,136.4200,-0.3245,46.2290,2.1146,136.6200,141.0061,134.0219,137.4170,135.5500,134.6700,18.6611,-1946542300.0000,137.2532
2019-07-19,-3058181278.6874,31.0816,100.0000,90.0000,48992400,137.0580,1.9077,25.4289,22.8981,136.6200,-0.1655,64.1430,2.0732,140.6700,139.9396,134.1764,137.8450,140.2200,136.4500,23.3134,-1897549900.0000,137.7926
2019-07-22,-3053597694.8164,51.6009,90.0000,80.0000,25074900,136.9640,1.7540,28.5583,23.0953,138.4300,-0.2554,52.4586,2.0094,139.1900,139.3103,134.6177,137.9460,137.4100,137.3300,43.7003,-1872475000.0000,137.7231
2019-07-23,-3048444951.9593,101.0563,80.0000,70.0000,18034600,137.4060,1.8010,41.4675,23.8343,139.2900,-0.1667,59.3409,1.9677,139.9900,141.0750,133.7370,138.3220,139.7600,138.0300,57.3889,-1854440400.0000,138.0934
2019-07-24,-3028145557.7794,140.2201,100.0000,60.0000,20738300,138.2960,1.7485,60.2894,25.0015,140.7200,-0.1754,56.0305,1.9239,140.7400,143.1723,133.4197,138.4987,138.8968,138.8500,79.7791,-1833702100.0000,138.2395
2019-07-25,-3021741988.0119,109.0462,90.0000,50.0000,18356900,139.0500,1.8097,75.0393,26.0520,140.1900,-0.0913,60.3913,1.9010,140.6100,143.3840,134.7160,138.7217,140.4300,139.3200,87.9500,-1852059000.0000,138.6378
2019-07-26,-3012085234.3887,131.2376,100.0000,40.0000,19037600,139.9940,1.8323,86.9135,27.7252,141.3400,-0.0550,60.1320,1.8873,141.6800,143.0882,136.8998,138.8737,140.3700,140.3000,93.0113,-1833021400.0000,138.9527
2019-07-29,-3002928710.0897,86.8352,90.0000,30.0000,16605900,140.5140,1.9192,89.3821,27.8279,141.0300,0.0255,63.4190,1.8937,141.5100,142.6749,138.3531,139.0797,141.5000,139.3700,87.1851,-1849627300.0000,139.4159
2019-07-30,-3006725104.4559,65.5147,80.0000,20.0000,16846500,140.7260,1.8570,85.3298,27.9203,140.3500,-0.0294,57.1212,1.8863,141.2200,141.9975,139.4545,139.1977,140.1400,139.8000,75.7931,-1866473800.0000,139.5475
2019-07-31,-3028343286.3413,-86.8603,70.0000,10.0000,38598800,139.8360,1.8022,71.3511,27.1599,136.2700,-0.0673,57.7721,1.8695,140.4900,145.3340,134.3380,139.4607,140.3300,135.0800,51.0752,-1905072600.0000,139.6898
2019-08-01,-3046042943.4485,-43.0948,60.0000,0.0000,40557500,139.4100,1.4731,55.1989,26.0086,138.0600,-0.3171,44.5900,1.7902,140.9400,145.2450,133.5750,139.6057,137.0000,136.9300,38.7285,-1864515100.0000,139.2007
2019-08-02,-3043829168.2851,-132.7857,50.0000,80.0000,30791600,138.5220,1.2854,40.0997,26.1360,136.9000,-0.4038,48.8359,1.6892,138.3200,144.1421,132.9019,139.3927,138.0900,135.2600,30.4955,-1895306700.0000,138.9988
2019-08-05,-3047764845.7454,-221.5432,40.0000,100.0000,42749600,136.7580,0.7416,32.7584,28.3694,132.2100,-0.7581,35.5389,1.4997,133.9300,144.7563,128.7597,138.9817,133.3000,130.7800,29.0512,-1938056300.0000,137.9626
2019-08-06,-3041278455.8669,-103.2909,30.0000,90.0000,32696700,135.6260,0.3470,28.7919,28.7127,134.6900,-0.9222,37.5122,1.2692,135.6800,141.7016,129.5504,138.3857,133.8000,133.2100,26.8288,-1905359600.0000,137.2058
2019-08-07,-3014333534.6215,-87.0597,20.0000,80.0000,33414500,135.4280,0.0331,29.3459,29.6332,135.2800,-0.9889,37.4867,1.0220,135.6500,141.4304,129.4256,137.8750,133.7900,131.8280,32.1576,-1871945100.0000,136.5847
2019-08-08,-2988634191.4842,15.2455,10.0000,70.0000,27496500,135.5940,0.0109,39.8352,27.7851,138.8900,-0.8088,48.4323,0.8197,138.9900,142.2937,128.8943,137.4920,136.6000,135.9300,60.5192,-1844448600.0000,136.5875
2019-08-09,-2992009538.7445,25.0119,0.0000,60.0000,23466700,135.7560,0.1538,55.7428,25.8488,137.7100,-0.5328,54.7318,0.6865,139.3800,142.8015,128.7105,137.3160,138.6100,136.4600,74.5516,-1867915300.0000,136.9552
2019-08-12,-3003889092.9429,-12.3961,0.0000,50.0000,20476600,136.4720,0.1411,70.7821,24.8264,135.7900,-0.4364,49.5761,0.5775,137.8600,141.2042,131.7398,136.8730,137.0700,135.2400,77.2754,-1888391900.0000,136.9761
2019-08-13,-2981382345.5745,47.1694,0.0000,40.0000,25154600,137.2540,0.0482,75.3552,23.1769,138.6000,-0.4234,46.3622,0.4716,138.8000,141.6500,132.8580,136.4640,136.0500,135.0000,74.2386,-1863237300.0000,136.8077
2019-08-14,-3007704437.5745,-48.9434,10.0000,30.0000,32527300,136.9940,-0.0005,66.9006,22.5194,133.9800,-0.3776,47.5113,0.3772,136.9200,142.5615,131.4265,136.0670,136.3600,133.6700,49.1879,-1895764600.0000,136.7263
2019-08-15,-3001318415.2569,-81.8607,0.0000,20.0000,28074400,135.9520,-0.1957,53.9374,22.7340,133.6800,-0.4583,41.2686,0.2626,134.5800,141.8276,130.0764,135.8060,134.3900,132.2500,38.3856,-1923839000.0000,136.3015
2019-08-16,-2986143111.8087,12.3220,50.0000,10.0000,24449100,135.6360,-0.3073,38.6047,21.3748,136.1300,-0.4560,43.3266,0.1486,136.4600,140.9387,130.3333,135.4850,134.8800,134.7200,28.2406,-1899389900.0000,136.0431
2019-08-19,-2965895575.2074,87.2278,40.0000,0.0000,24355700,136.1600,-0.1544,41.4686,19.7781,138.4100,-0.2424,54.1472,0.0880,138.5500,142.4414,129.8786,135.9400,137.8500,136.8900,57.7795,-1875034200.0000,136.3716
2019-08-20,-2986490615.9338,64.2670,30.0000,10.0000,21170800,135.8920,-0.0041,54.3219,18.4471,137.2600,-0.0737,55.2967,0.0696,138.7100,141.3939,130.3901,136.3810,138.2100,137.2400,76.9455,-1896205000.0000,136.7059
2019-08-21,-2985586563.0607,95.1217,100.0000,0.0000,14970300,136.8540,0.1409,74.0118,17.7847,138.7900,0.0570,56.4426,0.0839,139.4900,142.3747,131.3333,136.8570,138.5500,138.0000,87.3104,-1881234700.0000,137.0412
2019-08-22,-2985136760.5556,47.4919,90.0000,50.0000,18697000,137.6740,0.2616,80.5338,16.1926,137.7800,0.1422,56.8403,0.1194,139.2000,140.4734,134.8746,137.0630,138.6600,136.2900,77.3454,-1899931700.0000,137.3355
2019-08-23,-3015458001.8214,-76.2984,80.0000,40.0000,38508600,137.1260,0.2359,73.0298,16.8918,133.3900,0.0932,50.0543,0.1427,138.3500,142.9464,131.3055,136.9210,137.1900,132.8000,54.4337,-1938440300.0000,137.3090
2019-08-26,-2997837442.1594,-59.0066,70.0000,30.0000,20312600,136.5340,0.0376,56.4354,17.5211,135.4500,-0.0841,41.7631,0.1217,135.5600,142.2622,130.8058,136.7130,134.9900,133.9000,37.5271,-1918127700.0000,136.8874
2019-08-27,-2996715911.2226,-21.4010,60.0000,20.0000,23102100,136.2300,-0.0065,40.9177,17.0791,135.7400,-0.1025,47.8688,0.0961,136.7200,141.9015,130.5585,136.7470,136.3900,134.6600,30.7922,-1895025600.0000,136.7970
2019-08-28,-2982470683.9518,-55.6555,50.0000,10.0000,17393300,135.5840,-0.1614,36.8489,17.3771,135.5600,-0.2060,42.5257,0.0446,135.7600,139.7580,131.4100,136.5990,134.8800,133.5500,42.2275,-1912418900.0000,136.4484
2019-08-29,-2970738764.1691,57.8595,40.0000,0.0000,20168700,135.6520,-0.0919,44.4951,15.7562,138.1200,-0.1092,51.8905,0.0173,138.4400,140.1549,131.1491,136.8850,137.2500,136.9100,60.4658,-1892250200.0000,136.5942
2019-08-30,-2968517473.7807,45.9854,30.0000,50.0000,23940100,136.5460,0.1152,58.0094,14.8059,137.8600,0.0783,57.9882,0.0369,139.1800,140.1025,132.9895,137.3120,139.1500,136.2700,71.3351,-1916190300.0000,137.0589
2019-09-03,-2978832783.2465,-17.9096,20.0000,40.0000,18869300,136.6640,0.0735,67.8345,13.5025,136.0400,0.0293,48.8007,0.0442,137.2000,139.9537,133.3743,137.1880,136.6100,135.7000,71.7025,-1935059600.0000,136.9773
2019-09-04,-2962621518.0629,34.4195,10.0000,30.0000,17995900,137.0420,0.0950,69.1515,12.7098,137.6300,0.0407,51.1374,0.0544,137.6900,140.1531,133.9309,137.0970,137.3000,136.4800,64.4169,-1917063700.0000,137.0359
2019-09-05,-2947153775.6220,148.3522,100.0000,20.0000,26101800,137.9400,0.2552,68.6670,13.8008,140.0500,0.1607,56.8742,0.0945,140.3800,141.7812,134.0988,137.1530,139.1100,138.7600,69.8817,-1890961900.0000,137.4130
2019-09-06,-2949046678.5442,102.7709,90.0000,10.0000,20824500,138.1360,0.4512,71.2181,14.2593,139.1000,0.2853,59.5559,0.1659,140.1800,142.2315,134.0406,137.2900,140.0300,138.2000,79.3558,-1911786400.0000,137.8888
2019-09-09,-2958212477.1378,37.3027,80.0000,0.0000,25773900,138.0680,0.5645,72.4666,13.1626,137.5200,0.3189,57.6508,0.2456,139.7500,142.2246,133.9114,137.5300,139.5900,136.4600,68.1624,-1937560300.0000,138.1981
2019-09-10,-2948982720.3425,-76.5484,70.0000,20.0000,28903400,138.0760,0.4243,64.5377,12.9324,136.0800,0.1429,47.0479,0.2813,136.8900,142.1976,133.9545,137.7110,136.8000,134.5100,46.0950,-1966463700.0000,137.9439
2019-09-11,-2930543258.3567,-78.1051,60.0000,10.0000,24726100,137.7740,0.2386,48.4261,12.7252,136.1200,-0.0342,44.1687,0.2728,136.2700,142.5379,133.0101,137.6630,135.9100,135.0900,31.0209,-1941737600.0000,137.5741
2019-09-12,-2934899435.5092,5.5113,50.0000,0.0000,27010000,137.2680,0.2451,37.6231,12.1092,137.5200,-0.0221,51.3758,0.2672,138.4200,140.6120,133.9240,137.9600,137.8500,136.8700,35.7535,-1914727600.0000,137.6243
2019-09-13,-2934742482.0371,-10.7837,40.0000,70.0000,23363100,136.9120,0.2419,37.1626,11.3013,137.3200,-0.0203,51.1112,0.2622,138.0600,138.9134,134.9106,138.0130,137.7800,136.5700,44.7134,-1938090700.0000,137.6526
2019-09-16,-2930123270.6092,-70.7168,30.0000,60.0000,16013000,136.6740,0.0810,43.8512,10.5404,136.3300,-0.1449,44.0856,0.2259,136.7000,138.5287,134.8193,137.6810,135.8300,135.6600,51.0867,-1954103700.0000,137.3212
2019-09-17,-2919743703.9346,-19.8516,20.0000,50.0000,13611682,136.9360,0.0442,50.7381,9.8345,137.3900,-0.1454,48.6320,0.1896,137.5200,138.6995,135.1725,137.7160,136.9600,136.4250,56.4142,-1940492018.0000,137.2555
